2 0 2
3 0 3
4 0 4
5 0 5
6 0 6
7 0 7
8 0 8
9 0 9
10 0 10
11 0 11
12 0 12
13 0 13
14 0 14
15 0 15
16 0 16
17 0 17
18 0 18
19 0 19
20 0 20
21 0 21
22 0 22
23 0 23
24 0 24
25 0 25
26 0 26
27 0 27
28 0 28
29 0 29
30 0 30
31 0 31
32 0 32
33 0 33
34 0 34
35 0 35
36 0 36
10 2 2
10 3 3
10 4 4
10 5 5
10 6 6
10 7 7
10 8 8
10 9 9
10 10 10
10 11 11
10 12 12
10 13 13
10 14 14
10 15 15
10 16 16
10 17 17
10 18 18
10 19 19
10 20 20
10 21 21
10 22 22
10 23 23
10 24 24
10 25 25
10 26 26
10 27 27
10 28 28
10 29 29
10 30 30
10 31 31
10 32 32
10 33 33
10 34 34
10 35 35
10 36 36
34 vf7f2t 24
33 g00k6e 3
15 92be1ebb 12
31 1fb389q 10
